100
500 300
397 976
525 865
43 472
203 486
614 237
964 286
386 583
505 473
131 288
249 672
370 850
817 39
73 493
290 634
883 829
263 600
867 407
945 116
239 836
681 427
704 342
737 248
953 880
79 810
666 451
23 967
552 34
724 418
538 79
51 711
851 38
621 879
567 815
134 384
19 185
462 500
950 626
140 449
446 443
746 25
64 792
121 695
616 870
122 634
553 540
637 607
993 132
514 742
612 99
578 375
580 764
865 733
170 587
58 288
771 596
598 145
874 876
507 646
198 248
549 493
279 778
92 13
19 825
186 873
671 592
503 54
612 407
971 747
72 877
871 896
542 192
352 206
835 643
977 694
438 429
732 486
403 338
732 807
851 947
202 98
532 961
715 912
233 127
626 961
686 365
343 684
770 521
275 349
712 952
239 300
732 129
344 706
231 843
513 895
79 349
606 103
703 667
496 667
302 457